1 3
2 5
3 7
4 13
5 23
6 17
7 19
8 23
9 37
10 61
11 67
12 61
13 71
14 47
15 107
16 59
17 61
18 109
19 89
20 103
21 79
22 151
23 197
24 101
25 103
26 233
27 223
28 127
29 223
30 191
31 163
32 229
33 643
34 239
35 157
36 167
37 439
38 239
39 199
40 191
41 199
42 383
43 233
44 751
45 313
46 773
47 607
48 313
49 383
50 293
51 443
52 331
53 283
54 277
55 271
56 401
57 307
58 331
59 379
60 491
61 331
62 311
63 397
64 331
65 353
66 419
67 421
68 883
69 547
70 1381
71 457
72 457
73 373
74 421
75 409
76 1061
77 523
78 499
79 619
80 727
81 457
82 509
83 439
84 911
85 461
86 823
87 613
88 617
89 1021
90 523
91 941
92 653
93 601
94 877
95 607
96 631
97 733
98 757
99 877
100 641
101 877
102 1423
103 929
104 839
105 641
106 839
107 971
108 859
109 1019
110 643
111 733
112 743
113 653
114 1031
115 1069
116 983
117 653
118 769
119 691
120 1213
121 991
122 1091
123 2087
124 733
125 1307
126 1481
127 883
128 1123
129 1523
130 1109
131 1171
132 769
133 1801
134 1031
135 1597
136 829
137 1201
138 1453
139 937
140 1091
141 1031
142 857
143 1187
144 863
145 937
146 1163
147 919
148 911
149 1187
150 1153
151 1069
152 947
153 1439
154 1753
155 1231
156 1223
157 1013
158 1237
159 1153
160 1489
161 1321
162 1181
163 1987
164 1697
165 2243
166 1867
167 1193
168 1097
169 1289
170 1999
171 1103
172 1601
173 1453
174 2131
175 1231
176 1163
177 1063
178 1163
179 1453
180 2357
181 3559
182 1429
183 2689
184 1597
185 1381
186 3089
187 1669
188 2099
189 1831
190 1327
191 1867
192 1759
193 2351
194 2287
195 1607
196 1429
197 2239
198 2381
199 2011
200 1619
201 1663
202 2731
203 2213
204 1627
205 2269
206 1429
207 3739
208 1493
209 2647
210 1747
211 1409
212 1321
213 1319
214 3499
215 2311
216 3041
217 1993
218 1721
219 3023
220 2239
221 1483
222 1439
223 2087
224 1669
225 1613
226 1483
227 1759
228 1913
229 2381
230 1877
231 1657
232 2251
233 1619
234 1669
235 5323
236 1511
237 1709
238 1523
239 2273
240 2347
241 2083
242 2339
243 1637
244 1709
245 1787
246 1787
247 1999
248 2017
249 5689
250 1913
251 1999
252 2087
253 1973
254 4421
255 1741
256 1723
257 3299
258 1693
259 1997
260 1931
261 1933
262 3253
263 3449
264 1721
265 2267
266 3359
267 2699
268 3413
269 3067
270 2503
271 1759
272 1871
273 2707
274 3079
275 3547
276 1879
277 2309
278 3637
279 4799
280 2087
281 1889
282 2671
283 2309
284 2393
285 2297
286 2143
287 3187
288 6271
289 2411
290 2089
291 2441
292 2099
293 2473
294 4649
295 2239
296 2557
297 1987
298 5231
299 2971
300 5641
301 2251
302 2389
303 2017
304 2081
305 3803
306 3019
307 2411
308 3319
309 2243
310 7187
311 2621
312 2683
313 4831
314 2861
315 2837
316 2243
317 3373
318 3167
319 4201
320 5021
321 3391
322 3343
323 3347
324 3037
325 3373
326 2239
327 6301
328 4457
329 3061
330 2969
331 2861
332 2677
333 5023
334 3461
335 3767
336 2381
337 3559
338 2549
339 2837
340 5647
341 4597
342 3779
343 2671
344 3067
345 2689
346 3049
347 3833
348 2833
349 4729
350 3313
351 2837
352 2837
353 4363
354 4493
355 2851
356 2609
357 2543
358 3469
359 3803
360 5009
361 3931
362 3331
363 2861
364 3931
365 2609
366 2719
367 2677
368 4933
369 2633
370 3947
371 3467
372 2909
373 2731
374 2939
375 2677
376 3163
377 7309
378 5087
379 3793
380 2657
381 4153
382 3767
383 2789
384 2837
385 3919
386 4903
387 3853
388 4993
389 4217
390 6197
391 2843
392 5227
393 2729
394 2953
395 3547
396 8713
397 3119
398 3067
399 4019
400 5051
401 3089
402 3347
403 3659
404 5693
405 3089
406 3343
407 6029
408 2909
409 3889
410 3433
411 4547
412 3467
413 11069
414 5003
415 3343
416 4339
417 9241
418 6007
419 3083
420 4957
421 3041
422 9643
423 4127
424 10009
425 3209
426 9067
427 3257
428 6337
429 3271
430 4231
431 4691
432 3331
433 5413
434 3121
435 3089
436 3727
437 5443
438 3967
439 4441
440 9601
441 5839
442 8627
443 5417
444 8089
445 3359
446 5557
447 3643
448 5557
449 7229
450 3929
451 3643
452 5639
453 3793
454 3271
455 4783
456 3529
457 4463
458 6547
459 3371
460 3931
461 5077
462 3557
463 4621
464 3631
465 4663
466 6917
467 5981
468 3803
469 3499
470 9743
471 5333
472 6761
473 11411
474 4547
475 6329
476 6121
477 4201
478 3719
479 10039
480 3719
481 4673
482 3607
483 4649
484 4463
485 6701
486 4721
487 5669
488 9137
489 4937
490 6361
491 3631
492 6277
493 3727
494 7151
495 6247
496 5987
497 3769
498 3911
499 5839
500 5167
501 4423
502 5081
503 5101
504 5657
505 4231
506 4583
507 5897
508 3919
509 3673
510 4937
511 6053
512 4463
513 9221
514 3853
515 5521
516 3967
517 4019
518 4877
519 5711
520 5869
521 4549
522 10193
523 4909
524 9239
525 4691
526 5237
527 4643
528 10903
529 10853
530 3923
531 19699
532 3853
533 4201
534 5867
535 5869
536 4493
537 6529
538 16183
539 6257
540 4591
541 8641
542 4447
543 5693
544 5443
545 5303
546 4001
547 4603
548 7717
549 4339
550 4463
551 8467
552 4297
553 4951
554 9743
555 4597
556 5273
557 6793
558 4793
559 5393
560 5471
561 4951
562 4219
563 4517
564 5351
565 9041
566 12239
567 5309
568 4273
569 7673
570 4481
571 7349
572 6779
573 4919
574 5009
575 4289
576 6197
577 5557
578 5693
579 4973
580 5827
581 4643
582 20249
583 5023
584 4801
585 8689
586 4597
587 9257
588 5881
589 4547
590 9239
591 5479
592 8527
593 7759
594 7187
595 5233
596 5113
597 6113
598 4801
599 8297
600 16187
601 5101
602 7523
603 6949
604 6217
605 11117
606 5519
607 4519
608 5101
609 4621
610 4793
611 7349
612 8707
613 5881
614 8689
615 5581
616 7433
617 5897
618 5683
619 4787
620 6359
621 7211
622 9323
623 6163
624 15973
625 14011
626 6217
627 13417
628 4721
629 5051
630 8933
631 4951
632 8747
633 7883
634 8297
635 12539
636 7723
637 8369
638 9817
639 12713
640 4999
641 6907
642 5779
643 7177
644 5813
645 6863
646 6427
647 6007
648 7883
649 7589
650 5227
651 5923
652 9929
653 11059
654 4969
655 6581
656 6101
657 7873
658 5297
659 9323
660 6277
661 4973
662 10093
663 8389
664 5051
665 6829
666 5573
667 7817
668 5441
669 7103
670 5237
671 5477
672 6011
673 6271
674 12197
675 9967
676 5693
677 6947
678 6869
679 5099
680 6053
681 5237
682 11399
683 7757
684 7841
685 8287
686 10391
687 6091
688 6709
689 7517
690 6793
691 6131
692 7537
693 10891
694 15391
695 7949
696 6113
697 6427
698 9649
699 7723
700 12853
701 9739
702 7649
703 5939
704 11939
705 8369
706 10271
707 8837
708 13159
709 6047
710 8111
711 7817
712 9769
713 14251
714 12653
715 9239
716 6917
717 8269
718 8191
719 7639
720 10391
721 6791
722 6599
723 5557
724 8969
725 5693
726 8237
727 6211
728 9209
729 6761
730 10567
731 11839
732 17419
733 11173
734 8447
735 9007
736 10139
737 18169
738 7759
739 6173
740 9521
741 11443
742 13711
743 7069
744 6089
745 7489
746 8867
747 5987
748 7193
749 16069
750 7079
751 9151
752 10007
753 13921
754 11213
755 6311
756 6389
757 9203
758 7993
759 6679
760 6781
761 10007
762 7321
763 13099
764 9829
765 8443
766 6067
767 6151
768 8293
769 11887
770 7159
771 6007
772 8447
773 10181
774 9857
775 11443
776 10733
777 6389
778 7129
779 6029
780 15073
781 6389
782 6569
783 6427
784 6827
785 25621
786 13679
787 9283
788 6791
789 7129
790 11447
791 11383
792 8273
793 11279
794 6211
795 6793
796 7789
797 18379
798 7369
799 7127
800 6323
801 6151
802 21661
803 17837
804 6551
805 7879
806 6547
807 14533
808 7753
809 21613
810 8387
811 25183
812 11617
813 18229
814 11677
815 6871
816 11551
817 6451
818 8243
819 20441
820 11633
821 14951
822 11953
823 7681
824 6689
825 9049
826 8969
827 9601
828 14057
829 15923
830 7727
831 9029
832 9661
833 20663
834 12373
835 10837
836 7753
837 20123
838 13099
839 14543
840 7043
841 7573
842 13093
843 8689
844 6871
845 12953
846 6871
847 7547
848 18637
849 7433
850 7919
851 7867
852 6737
853 11197
854 8117
855 12539
856 6781
857 8719
858 8609
859 7309
860 6841
861 20161
862 6833
863 9497
864 17077
865 8933
866 10391
867 16573
868 16981
869 15749
870 8761
871 7057
872 7213
873 12473
874 7517
875 23509
876 9791
877 15451
878 11093
879 11833
880 7333
881 7481
882 13877
883 15031
884 7433
885 11299
886 12347
887 12959
888 16481
889 9929
890 8527
891 11059
892 17911
893 12671
894 15149
895 7027
896 10499
897 16273
898 13309
899 7723
900 7547
901 11447
902 7457
903 8663
904 12413
905 10663
906 15739
907 10831
908 7121
909 7411
910 14327
911 9127
912 19249
913 9883
914 14173
915 12821
916 7207
917 21587
918 10597
919 8647
920 14827
921 9839
922 11783
923 8329
924 12889
925 8807
926 7993
927 17467
928 10289
929 8521
930 9227
931 11953
932 13537
933 9319
934 20389
935 7573
936 10459
937 15661
938 15641
939 28351
940 28817
941 8009
942 8837
943 21803
944 10429
945 32443
946 8089
947 9403
948 14323
949 9161
950 16567
951 10313
952 17333
953 9437
954 12889
955 9511
956 18329
957 13633
958 8839
959 7823
960 10601
961 8951
962 17987
963 7727
964 7759
965 11317
966 15121
967 8447
968 9781
969 10133
970 8863
971 7759
972 11047
973 9461
974 14621
975 14519
976 13217
977 13183
978 23741
979 13291
980 8537
981 9551
982 21341
983 9721
984 8111
985 12437
986 10973
987 8783
988 8501
989 9421
990 8867
991 10607
992 10091
993 8287
994 10009
995 9871
996 12763
997 11383
998 8831
999 8377
1000 8719
1001 8831
1002 8573
1003 20477
1004 20981
1005 14771
1006 8719
1007 14051
1008 14221
1009 9721
1010 10903
1011 9067
1012 9181
1013 10333
1014 11411
1015 15767
1016 14029
1017 8923
1018 16229
1019 22271
1020 12689
1021 11353
1022 9833
1023 20123
1024 21107
1025 16903
1026 9859
1027 39769
1028 18047
1029 12619
1030 19001
1031 12907
1032 10993
1033 14639
1034 11617
1035 32771
1036 14029
1037 17747
1038 9749
1039 13669
1040 9871
1041 9241
1042 12583
1043 10909
1044 15121
1045 16421
1046 9103
1047 20809
1048 9227
1049 8681
1050 10433
1051 59981
1052 16057
1053 12517
1054 9907
1055 11897
1056 8563
1057 8599
1058 23369
1059 18149
1060 9697
1061 16033
1062 9551
1063 29339
1064 13043
1065 20981
1066 9377
1067 25643
1068 9013
1069 8647
1070 20231
1071 9311
1072 14717
1073 11633
1074 19333
1075 20921
1076 10223
1077 10313
1078 10477
1079 8929
1080 9137
1081 12821
1082 9677
1083 14341
1084 17321
1085 15859
1086 19273
1087 26953
1088 12379
1089 12497
1090 10957
1091 15569
1092 15727
1093 13751
1094 14699
1095 12703
1096 11927
1097 28541
1098 9463
1099 10039
1100 13879
1101 22973
1102 10343
1103 11719
1104 35251
1105 11239
1106 10937
1107 9137
1108 24083
1109 9371
1110 16189
1111 14177
1112 10177
1113 14947
1114 19571
1115 11821
1116 15101
1117 15427
1118 12263
1119 21851
1120 10601
1121 9281
1122 22571
1123 10391
1124 9467
1125 11177
1126 11287
1127 14783
1128 9497
1129 17467
1130 12347
1131 14779
1132 12823
1133 12157
1134 19417
1135 9787
1136 10667
1137 15443
1138 16477
1139 21851
1140 9787
1141 11353
1142 16267
1143 12497
1144 9689
1145 10831
1146 14551
1147 9619
1148 18457
1149 13249
1150 10103
1151 10247
1152 17609
1153 17041
1154 11959
1155 9629
1156 26879
1157 31177
1158 14629
1159 15277
1160 9829
1161 9767
1162 11959
1163 21017
1164 11059
1165 17989
1166 11087
1167 11317
1168 10039
1169 15377
1170 10559
1171 22279
1172 23269
1173 12071
1174 12659
1175 17107
1176 11149
1177 19009
1178 24977
1179 16001
1180 11527
1181 23789
1182 12553
1183 11593
1184 10883
1185 22391
1186 18583
1187 12583
1188 15797
1189 13757
1190 20023
1191 11657
1192 9941
1193 14387
1194 10103
1195 22453
1196 14557
1197 10531
1198 16649
1199 12583
1200 28069
1201 9787
1202 9941
1203 13567
1204 11311
1205 11551
1206 11213
1207 19843
1208 10091
1209 11251
1210 10151
1211 25621
1212 13309
1213 21859
1214 13241
1215 11789
1216 13003
1217 17107
1218 15017
1219 19013
1220 31321
1221 10987
1222 12163
1223 19979
1224 11549
1225 10883
1226 11743
1227 12269
1228 11969
1229 11827
1230 15919
1231 22157
1232 10733
1233 12697
1234 15937
1235 11909
1236 13553
1237 10957
1238 17989
1239 14887
1240 18793
1241 11311
1242 14779
1243 11831
1244 28669
1245 16631
1246 16319
1247 13763
1248 12799
1249 15913
1250 16921
1251 15199
1252 22409
1253 11981
1254 18313
1255 23117
1256 12601
1257 18451
1258 35573
1259 13799
1260 14627
1261 11149
1262 11299
1263 17989
1264 14143
1265 11257
1266 13043
1267 11551
1268 10399
1269 36739
1270 17599
1271 14107
1272 14423
1273 17401
1274 11027
1275 13907
1276 18401
1277 14879
1278 12301
1279 13907
1280 16007
1281 21277
1282 19937
1283 23789
1284 10631
1285 13259
1286 11959
1287 15823
1288 27773
1289 15877
1290 12757
1291 13313
1292 13613
1293 10847
1294 18701
1295 11701
1296 28297
1297 23677
1298 16001
1299 14437
1300 13457
1301 12941
1302 26681
1303 16183
1304 12421
1305 12781
1306 12841
1307 16883
1308 15289
1309 11657
1310 10957
1311 11971
1312 28097
1313 11399
1314 17341
1315 11923
1316 11273
1317 19753
1318 12323
1319 19141
1320 12713
1321 12671
1322 11633
1323 14081
1324 11681
1325 11897
1326 17203
1327 13693
1328 16787
1329 17317
1330 15161
1331 22817
1332 11801
1333 13999
1334 14159
1335 12457
1336 13693
1337 18679
1338 31333
1339 28789
1340 12743
1341 16301
1342 16111
1343 15461
1344 40253
1345 11177
1346 15269
1347 13781
1348 14407
1349 11213
1350 25943
1351 20341
1352 24943
1353 27793
1354 19979
1355 13463
1356 14683
1357 13147
1358 13313
1359 26203
1360 19699
1361 13127
1362 12479
1363 12791
1364 13457
1365 16061
1366 24181
1367 15473
1368 18731
1369 14401
1370 11923
1371 15991
1372 25541
1373 15383
1374 19207
1375 14537
1376 17891
1377 26407
1378 17659
1379 14011
1380 12409
1381 13759
1382 13729
1383 16217
1384 16831
1385 16763
1386 15797
1387 14669
1388 14071
1389 12203
1390 19267
1391 13687
1392 21401
1393 14447
1394 14939
1395 15919
1396 12659
1397 16427
1398 15307
1399 15299
1400 15161
1401 17957
1402 11801
1403 12097
1404 22133
1405 12323
1406 23753
1407 12497
1408 12323
1409 13001
1410 16901
1411 15017
1412 18307
1413 12301
1414 16253
1415 18539
1416 21893
1417 16883
1418 27043
1419 12791
1420 33287
1421 14347
1422 18287
1423 17467
1424 12689
1425 17033
1426 17401
1427 13103
1428 15583
1429 12041
1430 15607
1431 23743
1432 18301
1433 17341
1434 23971
1435 20411
1436 15889
1437 14783
1438 13613
1439 19391
1440 14011
1441 13451
1442 19763
1443 16223
1444 18211
1445 13513
1446 18637
1447 14221
1448 22697
1449 12203
1450 15583
1451 16091
1452 18169
1453 14621
1454 13177
1455 22453
1456 13799
1457 14741
1458 16487
1459 24203
1460 14341
1461 22123
1462 14071
1463 16699
1464 21377
1465 12697
1466 14243
1467 12281
1468 25801
1469 28289
1470 14593
1471 13417
1472 19889
1473 13883
1474 17449
1475 27091
1476 13309
1477 12437
1478 28793
1479 24683
1480 23537
1481 12511
1482 34673
1483 15269
1484 28057
1485 13931
1486 16427
1487 14071
1488 13127
1489 16763
1490 16139
1491 13841
1492 12889
1493 17497
1494 12919
1495 12763
1496 17707
1497 14983
1498 15937
1499 12809
1500 14281
1501 14323
1502 16903
1503 21871
1504 14897
1505 13723
1506 16993
1507 16829
1508 14411
1509 15349
1510 12689
1511 15619
1512 21517
1513 12853
1514 13339
1515 35267
1516 22093
1517 19087
1518 22739
1519 18691
1520 15091
1521 16217
1522 17449
1523 21647
1524 18493
1525 33427
1526 23459
1527 26861
1528 32309
1529 15121
1530 18287
1531 18451
1532 19751
1533 13411
1534 13907
1535 13043
1536 20903
1537 41213
1538 13967
1539 13691
1540 18169
1541 23981
1542 30089
1543 27617
1544 17977
1545 15809
1546 14303
1547 13967
1548 29021
1549 17183
1550 22501
1551 26357
1552 18433
1553 17903
1554 26693
1555 14897
1556 17491
1557 29473
1558 17957
1559 14699
1560 33931
1561 25343
1562 29311
1563 15823
1564 16417
1565 40759
1566 14867
1567 15907
1568 22699
1569 22123
1570 14207
1571 14879
1572 13649
1573 26693
1574 20507
1575 16069
1576 17837
1577 34897
1578 13613
1579 21491
1580 20479
1581 16193
1582 21179
1583 21163
1584 36847
1585 14747
1586 41593
1587 17707
1588 23447
1589 14033
1590 15649
1591 25931
1592 20327
1593 30119
1594 23981
1595 19997
1596 16759
1597 23761
1598 14699
1599 17497
1600 22861
1601 28393
1602 17299
1603 20261
1604 15349
1605 42697
1606 21683
1607 18773
1608 14479
1609 19717
1610 16249
1611 30119
1612 17029
1613 13721
1614 37967
1615 14051
1616 13751
1617 18457
1618 19427
1619 21317
1620 21269
1621 25357
1622 16553
1623 20477
1624 24469
1625 14717
1626 17923
1627 18553
1628 17189
1629 42359
1630 28219
1631 20233
1632 14281
1633 20939
1634 18149
1635 17579
1636 22699
1637 20219
1638 27799
1639 17231
1640 18713
1641 18059
1642 18049
1643 20873
1644 31249
1645 24337
1646 18427
1647 27541
1648 14741
1649 26633
1650 26449
1651 23633
1652 23369
1653 22367
1654 15329
1655 16573
1656 14293
1657 14887
1658 17623
1659 17203
1660 28289
1661 18061
1662 16661
1663 20047
1664 14543
1665 25439
1666 16411
1667 22307
1668 21163
1669 16831
1670 24841
1671 19309
1672 16493
1673 18869
1674 32783
1675 37511
1676 17033
1677 24181
1678 15559
1679 20021
1680 22861
1681 35839
1682 15287
1683 15889
1684 45259
1685 19597
1686 22901
1687 14717
1688 14723
1689 16529
1690 14851
1691 32003
1692 19853
1693 24151
1694 19457
1695 32771
1696 18251
1697 30029
1698 20983
1699 18313
1700 18793
1701 14543
1702 37589
1703 19207
1704 19211
1705 17431
1706 24859
1707 21599
1708 20731
1709 16519
1710 23833
1711 15647
1712 30593
1713 16249
1714 36011
1715 18289
1716 15559
1717 38653
1718 25583
1719 18269
1720 16073
1721 25439
1722 19381
1723 23753
1724 18289
1725 18133
1726 18257
1727 22817
1728 18229
1729 26459
1730 19937
1731 30211
1732 17351
1733 26267
1734 20147
1735 23599
1736 17299
1737 18401
1738 21013
1739 16703
1740 18899
1741 19559
1742 18013
1743 36187
1744 18587
1745 28871
1746 19687
1747 26849
1748 18413
1749 21863
1750 16073
1751 17419
1752 21649
1753 30367
1754 27851
1755 16657
1756 17393
1757 19079
1758 22067
1759 42683
1760 23677
1761 17047
1762 19163
1763 17021
1764 16603
1765 19403
1766 17581
1767 19213
1768 16067
1769 20369
1770 22409
1771 16349
1772 19471
1773 17033
1774 25579
1775 18919
1776 39079
1777 23753
1778 31393
1779 18919
1780 17903
1781 20543
1782 36583
1783 17837
1784 32117
1785 21191
1786 34183
1787 17623
1788 26959
1789 78059
1790 20627
1791 17891
1792 20789
1793 24517
1794 32771
1795 17377
1796 34703
1797 21391
1798 23143
1799 15427
1800 16229
1801 27743
1802 16787
1803 17729
1804 23627
1805 16693
1806 17681
1807 17117
1808 17903
1809 34439
1810 15823
1811 18169
1812 20359
1813 16993
1814 22259
1815 25247
1816 42437
1817 26927
1818 21569
1819 20129
1820 22079
1821 21977
1822 34061
1823 35107
1824 17581
1825 21997
1826 17351
1827 19793
1828 24799
1829 21139
1830 22721
1831 16889
1832 15971
1833 18097
1834 34897
1835 17929
1836 27983
1837 19571
1838 26687
1839 24469
1840 42797
1841 21757
1842 19441
1843 28087
1844 23327
1845 57731
1846 19457
1847 37369
1848 17029
1849 30467
1850 26407
1851 16057
1852 43607
1853 38281
1854 46093
1855 19681
1856 36749
1857 27479
1858 28879
1859 21587
1860 28403
1861 18199
1862 18049
1863 26863
1864 18119
1865 22783
1866 50957
1867 23201
1868 18587
1869 26161
1870 26723
1871 17333
1872 19843
1873 29741
1874 18077
1875 32957
1876 17623
1877 28513
1878 28051
1879 28319
1880 30593
1881 21569
1882 21559
1883 61231
1884 23599
1885 25951
1886 39079
1887 33347
1888 36137
1889 19051
1890 18371
1891 37619
1892 26449
1893 28813
1894 36697
1895 35081
1896 22027
1897 28603
1898 18329
1899 17477
1900 63499
1901 21713
1902 23327
1903 24889
1904 19309
1905 53359
1906 17681
1907 18049
1908 30697
1909 23623
1910 23549
1911 25127
1912 24061
1913 49537
1914 19961
1915 16843
1916 43783
1917 19489
1918 29389
1919 20011
1920 17467
1921 40559
1922 22111
1923 22367
1924 21023
1925 30689
1926 29027
1927 45691
1928 33289
1929 18439
1930 17333
1931 21163
1932 18583
1933 27179
1934 31183
1935 26293
1936 21521
1937 21017
1938 22193
1939 47837
1940 18169
1941 21617
1942 21107
1943 28669
1944 18757
1945 17123
1946 17077
1947 29363
1948 26711
1949 23327
1950 20983
1951 34327
1952 26417
1953 54541
1954 18713
1955 39097
1956 20147
1957 19207
1958 20681
1959 31319
1960 30763
1961 21491
1962 25943
1963 30577
1964 20639
1965 17341
1966 37423
1967 24083
1968 29311
1969 23911
1970 33637
1971 17107
1972 62423
1973 35983
1974 27823
1975 20357
1976 40361
1977 22003
1978 21997
1979 18199
1980 18013
1981 24851
1982 37253
1983 20509
1984 36451
1985 20939
1986 33487
1987 20681
1988 23603
1989 29059
1990 20807
1991 25999
1992 25447
1993 19213
1994 26029
1995 51383
1996 19751
1997 18979
1998 20287
1999 18701
2000 51137
2001 17981
2002 20899
2003 21169
2004 20879
2005 24917
2006 21149
2007 20201
2008 18341
2009 40193
2010 27697
2011 20747
2012 21101
2013 29947
2014 26839
2015 43633
2016 41927
2017 27617
2018 28031
2019 20333
2020 19699
2021 18211
2022 18979
2023 19087
2024 22651
2025 36677
2026 19469
2027 28663
2028 21851
2029 20029
2030 19391
2031 21803
2032 30071
2033 21487
2034 19577
2035 28229
2036 28087
2037 52237
2038 44657
2039 34127
2040 17863
2041 23909
2042 35083
2043 42929
2044 21577
2045 29873
2046 21379
2047 18749
2048 19913
2049 36833
2050 19207
2051 19991
2052 22639
2053 18433
2054 18313
2055 20921
2056 20183
2057 20441
2058 19759
2059 31531
2060 18899
2061 21187
2062 20441
2063 32909
2064 18169
2065 24631
2066 21851
2067 35933
2068 27449
2069 23801
2070 20899
2071 23081
2072 22973
2073 45317
2074 22571
2075 35899
2076 22051
2077 22469
2078 34549
2079 32443
2080 18223
2081 19069
2082 29137
2083 19867
2084 19463
2085 63073
2086 19181
2087 31663
2088 20959
2089 20939
2090 22273
2091 21617
2092 31379
2093 23117
2094 25793
2095 82339
2096 19259
2097 23021
2098 24709
2099 19927
2100 19661
2101 19469
2102 18443
2103 21863
2104 21157
2105 44071
2106 32303
2107 19181
2108 21017
2109 27481
2110 25189
2111 27653
2112 34499
2113 25307
2114 24413
2115 29723
2116 32779
2117 19289
2118 31531
2119 46351
2120 39317
2121 25541
2122 19819
2123 51991
2124 25609
2125 29231
2126 38561
2127 28949
2128 19949
2129 37997
2130 35227
2131 25171
2132 31981
2133 50497
2134 31469
2135 19457
2136 34297
2137 25367
2138 35327
2139 25229
2140 23369
2141 29587
2142 21179
2143 24533
2144 23293
2145 21467
2146 52057
2147 31547
2148 19993
2149 20441
2150 22787
2151 20011
2152 33809
2153 31957
2154 32303
2155 19577
2156 21587
2157 21523
2158 34019
2159 62927
2160 23041
2161 27109
2162 28663
2163 24317
2164 19213
2165 31541
2166 25943
2167 39929
2168 23057
2169 35149
2170 30047
2171 21881
2172 23633
2173 23873
2174 24859
2175 23497
2176 41507
2177 43133
2178 21943
2179 44519
2180 20593
2181 23041
2182 26053
2183 22871
2184 30911
2185 28703
2186 20011
2187 22109
2188 34127
2189 22643
2190 41039
2191 22481
2192 31727
2193 21319
2194 26903
2195 22699
2196 24121
2197 31231
2198 43313
2199 24767
2200 21101
2201 45121
2202 46021
2203 31393
2204 24697
2205 36451
2206 41729
2207 86293
2208 34841
2209 21323
2210 20773
2211 23063
2212 21647
2213 73849
2214 24373
2215 34171
2216 26489
2217 23063
2218 20393
2219 27457
2220 42331
2221 28211
2222 31033
2223 54409
2224 21211
2225 43313
2226 24499
2227 21649
2228 23909
2229 20789
2230 23561
2231 21493
2232 27253
2233 62057
2234 23981
2235 32077
2236 25037
2237 24181
2238 38569
2239 20443
2240 33547
2241 28069
2242 62903
2243 33073
2244 23899
2245 22259
2246 28909
2247 24439
2248 21089
2249 36587
2250 28843
2251 24121
2252 30367
2253 53887
2254 21211
2255 26699
2256 25841
2257 35801
2258 35323
2259 37181
2260 20143
2261 22271
2262 26203
2263 24749
2264 34963
2265 29663
2266 22481
2267 23873
2268 27749
2269 25033
2270 33961
2271 24019
2272 40759
2273 20663
2274 26561
2275 65011
2276 23537
2277 25673
2278 28027
2279 37693
2280 24083
2281 44281
2282 33601
2283 37339
2284 52189
2285 30493
2286 32573
2287 27647
2288 37447
2289 39139
2290 30781
2291 22483
2292 40231
2293 28001
2294 28513
2295 34613
2296 22669
2297 22159
2298 24611
2299 25793
2300 37021
2301 26681
2302 33289
2303 22067
2304 20879
2305 36721
2306 32909
2307 29303
2308 29629
2309 29023
2310 28607
2311 22511
2312 26021
2313 22193
2314 22807
2315 45083
2316 26573
2317 23753
2318 32057
2319 26993
2320 48487
2321 41113
2322 27367
2323 32491
2324 50417
2325 27361
2326 24551
2327 30577
2328 66529
2329 21221
2330 28537
2331 23887
2332 70003
2333 33247
2334 48091
2335 26431
2336 23087
2337 21169
2338 23003
2339 22051
2340 25031
2341 29123
2342 35153
2343 32327
2344 43003
2345 26017
2346 22853
2347 38791
2348 21379
2349 36913
2350 23041
2351 23357
2352 49537
2353 26951
2354 25189
2355 22367
2356 31567
2357 40471
2358 55343
2359 37397
2360 22637
2361 22943
2362 21563
2363 21839
2364 24821
2365 22937
2366 63521
2367 26041
2368 50333
2369 39827
2370 35381
2371 29581
2372 25229
2373 37871
2374 36433
2375 45007
2376 28579
2377 28909
2378 21487
2379 52363
2380 23603
2381 28571
2382 23333
2383 21599
2384 23053
2385 30941
2386 21817
2387 22679
2388 32359
2389 22259
2390 37409
2391 34019
2392 22147
2393 21577
2394 30931
2395 89657
2396 24889
2397 44887
2398 21767
2399 34703
2400 23203
2401 27751
2402 36929
2403 42727
2404 37379
2405 30937
2406 33487
2407 33461
2408 31277
2409 32533
2410 36017
2411 31469
2412 31181
2413 24029
2414 26053
2415 24971
2416 61141
2417 23971
2418 34897
2419 29641
2420 26267
2421 31663
2422 22063
2423 29671
2424 58313
2425 36269
2426 28351
2427 33623
2428 23003
2429 23957
2430 37547
2431 29873
2432 45491
2433 38449
2434 22669
2435 54767
2436 44041
2437 33641
2438 26339
2439 22031
2440 21773
2441 35977
2442 38543
2443 24023
2444 51461
2445 68531
2446 23431
2447 25031
2448 26209
2449 40387
2450 35419
2451 48751
2452 22993
2453 42187
2454 34543
2455 23671
2456 28387
2457 22147
2458 31237
2459 27751
2460 23813
2461 25163
2462 33191
2463 25013
2464 22343
2465 22027
2466 22433
2467 46619
2468 22307
2469 52631
2470 26561
2471 31771
2472 25153
2473 24781
2474 27581
2475 25541
2476 42437
2477 29389
2478 32309
2479 39983
2480 40709
2481 23747
2482 31357
2483 33329
2484 90127
2485 30119
2486 36931
2487 29599
2488 32621
2489 25303
2490 30817
2491 58441
2492 45293
2493 27329
2494 45137
2495 28123
2496 24223
2497 23251
2498 42701
2499 30109
2500 25643
2501 27259
2502 27337
2503 42737
2504 33811
2505 29641
2506 26309
2507 31543
2508 30187
2509 29311
2510 27779
2511 39989
2512 32141
2513 26683
2514 36781
2515 65867
2516 24071
2517 24391
2518 48817
2519 25951
2520 29789
2521 43013
2522 24509
2523 27073
2524 38971
2525 32719
2526 30467
2527 28517
2528 22777
2529 39343
2530 27917
2531 28771
2532 25243
2533 26813
2534 37691
2535 22777
2536 26347
2537 40559
2538 41903
2539 45503
2540 36919
2541 36527
2542 32303
2543 23873
2544 39703
2545 36451
2546 41231
2547 69829
2548 42697
2549 63031
2550 23497
2551 39119
2552 23279
2553 39983
2554 23167
2555 43573
2556 25919
2557 27883
2558 53051
2559 31393
2560 34871
2561 28309
2562 30113
2563 32497
2564 42793
2565 23593
2566 101021
2567 37501
2568 23753
2569 25373
2570 27437
2571 24337
2572 34297
2573 29033
2574 25367
2575 23753
2576 25303
2577 27329
2578 24977
2579 32783
2580 37507
2581 26777
2582 26017
2583 26107
2584 35521
2585 27817
2586 24091
2587 26407
2588 23333
2589 24659
2590 25819
2591 27551
2592 34457
2593 67181
2594 31573
2595 28403
2596 29443
2597 36067
2598 28961
2599 29209
2600 23909
2601 27851
2602 32233
2603 94421
2604 25841
2605 24859
2606 37397
2607 32051
2608 29611
2609 24551
2610 30427
2611 32887
2612 52153
2613 50513
2614 24107
2615 66137
2616 27541
2617 49529
2618 32749
2619 34883
2620 38299
2621 28579
2622 57529
2623 38821
2624 37057
2625 37579
2626 38327
2627 67057
2628 27749
2629 56369
2630 73907
2631 28109
2632 39623
2633 44491
2634 60353
2635 30643
2636 56813
2637 32323
2638 35809
2639 49831
2640 25679
2641 27253
2642 24137
2643 36683
2644 36583
2645 37781
2646 28081
2647 27103
2648 25931
2649 40879
2650 36779
2651 37951
2652 33589
2653 31223
2654 28723
2655 24923
2656 25243
2657 29339
2658 27407
2659 34259
2660 37889
2661 41801
2662 32029
2663 31079
2664 25301
2665 26293
2666 29269
2667 49921
2668 57179
2669 55663
2670 39509
2671 39901
2672 24697
2673 38377
2674 27031
2675 30427
2676 28097
2677 49081
2678 27983
2679 40037
2680 27077
2681 26953
2682 42989
2683 28277
2684 40351
2685 32479
2686 53813
2687 41957
2688 24407
2689 34961
2690 42223
2691 27043
2692 48889
2693 49057
2694 28439
2695 42899
2696 67957
2697 27077
2698 29851
2699 29399
2700 44533
2701 25639
2702 36319
2703 68371
2704 26189
2705 34381
2706 30977
2707 75773
2708 48259
2709 26711
2710 51787
2711 31769
2712 43579
2713 37447
2714 24971
2715 35317
2716 28661
2717 40093
2718 42611
2719 46549
2720 39799
2721 50153
2722 25033
2723 45377
2724 25153
2725 27793
2726 25759
2727 35153
2728 48383
2729 27067
2730 35527
2731 25759
2732 26021
2733 74311
2734 42943
2735 27361
2736 32611
2737 32261
2738 33359
2739 25903
2740 25073
2741 25717
2742 59069
2743 42227
2744 77419
2745 27109
2746 43579
2747 74197
2748 35951
2749 37591
2750 40241
2751 25903
2752 38453
2753 47407
2754 38783
2755 90583
2756 64019
2757 33713
2758 35933
2759 27197
2760 26927
2761 47977
2762 25469
2763 34843
2764 38803
2765 53359
2766 48989
2767 27617
2768 43067
2769 41057
2770 47389
2771 31627
2772 37561
2773 28297
2774 41179
2775 47363
2776 41927
2777 25457
2778 27917
2779 29927
2780 34313
2781 40699
2782 56767
2783 26713
2784 39157
2785 45491
2786 30529
2787 33053
2788 30119
2789 33757
2790 35401
2791 36073
2792 39409
2793 62929
2794 44131
2795 70183
2796 33617
2797 33223
2798 39749
2799 36779
2800 32173
2801 37547
2802 69481
2803 39953
2804 40771
2805 26227
2806 27427
2807 29867
2808 30631
2809 31481
2810 42751
2811 29201
2812 87433
2813 37423
2814 50849
2815 26947
2816 46147
2817 43271
2818 30319
2819 34469
2820 29129
2821 42131
2822 27299
2823 30839
2824 42979
2825 55997
2826 73309
2827 32341
2828 39877
2829 72091
2830 56611
2831 63863
2832 26293
2833 38959
2834 42169
2835 58439
2836 58901
2837 26959
2838 42061
2839 26903
2840 31147
2841 47533
2842 43457
2843 35111
2844 37463
2845 97849
2846 94513
2847 36721
2848 31237
2849 39847
2850 30649
2851 29789
2852 49033
2853 47657
2854 39623
2855 53171
2856 52369
2857 26393
2858 31247
2859 36947
2860 27653
2861 29389
2862 27529
2863 40751
2864 39343
2865 36373
2866 26903
2867 40543
2868 34679
2869 83267
2870 26783
2871 33637
2872 30553
2873 28297
2874 56893
2875 31991
2876 86311
2877 57163
2878 48563
2879 27361
2880 26927
2881 32369
2882 49927
2883 50581
2884 29191
2885 36887
2886 38569
2887 56479
2888 48907
2889 29833
2890 27701
2891 30431
2892 30809
2893 27749
2894 74189
2895 46573
2896 41549
2897 28619
2898 41611
2899 51421
2900 26573
2901 32507
2902 36871
2903 46181
2904 51869
2905 28603
2906 46549
2907 45139
2908 27067
2909 35257
2910 42299
2911 72469
2912 72287
2913 29881
2914 70949
2915 42359
2916 42083
2917 33287
2918 41387
2919 32423
2920 34589
2921 27091
2922 42391
2923 45613
2924 34703
2925 31663
2926 51749
2927 35597
2928 34949
2929 84859
2930 74323
2931 40433
2932 96779
2933 27277
2934 57163
2935 54673
2936 28409
2937 27103
2938 37117
2939 32237
2940 31769
2941 48491
2942 79283
2943 33013
2944 35323
2945 27851
2946 95789
2947 27361
2948 35089
2949 30137
2950 49043
2951 36931
2952 62983
2953 33581
2954 32009
2955 34613
2956 69029
2957 34147
2958 77477
2959 56891
2960 35899
2961 57901
2962 30197
2963 31237
2964 48109
2965 32503
2966 35381
2967 27827
2968 129589
2969 28283
2970 73237
2971 50291
2972 63419
2973 29531
2974 29833
2975 39199
2976 29147
2977 32029
2978 50329
2979 39979
2980 45767
2981 29297
2982 29761
2983 27803
2984 50087
2985 39863
2986 30011
2987 50989
2988 54851
2989 44041
2990 37847
2991 47599
2992 39161
2993 30529
2994 47287
2995 47381
2996 108587
2997 30181
2998 32843
2999 80761
3000 27583
3001 33211
3002 34949
3003 68219
3004 30697
3005 47791
3006 34819
3007 29399
3008 32369
3009 65843
3010 61781
3011 42299
3012 40277
3013 36343
3014 74279
3015 39239
3016 51137
3017 35531
3018 37339
3019 71143
3020 29717
3021 57829
3022 36563
3023 34513
3024 48889
3025 32783
3026 30881
3027 51241
3028 89899
3029 58057
3030 56113
3031 45557
3032 35419
3033 40493
3034 38921
3035 31649
3036 35771
3037 49831
3038 37879
3039 56737
3040 49157
3041 72763
3042 50857
3043 47699
3044 36307
3045 56501
3046 36749
3047 39227
3048 32573
3049 43003
3050 48539
3051 35597
3052 29881
3053 42701
3054 39667
3055 103357
3056 40031
3057 31091
3058 50873
3059 28571
3060 34301
3061 50923
3062 51913
3063 51287
3064 74093
3065 33851
3066 54049
3067 30593
3068 28921
3069 67751
3070 36269
3071 50753
3072 40493
3073 35279
3074 72173
3075 44651
3076 57097
3077 46471
3078 93169
3079 68821
3080 39161
3081 39953
3082 65141
3083 52709
3084 38167
3085 38113
3086 42349
3087 44711
3088 39461
3089 36037
3090 48563
3091 85021
3092 33503
3093 45779
3094 33457
3095 50777
3096 58511
3097 77573
3098 34763
3099 38629
3100 34057
3101 43591
3102 33073
3103 39373
3104 36067
3105 31139
3106 36551
3107 44453
3108 37087
3109 31183
3110 37579
3111 30293
3112 36217
3113 60293
3114 63487
3115 70067
3116 50273
3117 52553
3118 29231
3119 43541
3120 68879
3121 35069
3122 49451
3123 51407
3124 30893
3125 56509
3126 71693
3127 52859
3128 30389
3129 31727
3130 34537
3131 29873
3132 32299
3133 31793
3134 46477
3135 56821
3136 56207
3137 75211
3138 70607
3139 93491
3140 115309
3141 53777
3142 34747
3143 71807
3144 63913
3145 32411
3146 35053
3147 33353
3148 33403
3149 44963
3150 53117
3151 43019
3152 33203
3153 40927
3154 40031
3155 44519
3156 34583
3157 31223
3158 51659
3159 33547
3160 31277
3161 43711
3162 46307
3163 61637
3164 44357
3165 64301
3166 79399
3167 33461
3168 35107
3169 31687
3170 46327
3171 39749
3172 37991
3173 39703
3174 35291
3175 30403
3176 61027
3177 29867
3178 33563
3179 37693
3180 61547
3181 33863
3182 37039
3183 30553
3184 30869
3185 49307
3186 29599
3187 37117
3188 31249
3189 128939
3190 53593
3191 41579
3192 34301
3193 35731
3194 33347
3195 54497
3196 86861
3197 32173
3198 35291
3199 53233
3200 82349
3201 35129
3202 33083
3203 42463
3204 38011
3205 38281
3206 42727
3207 46523
3208 43517
3209 90019
3210 44657
3211 72707
3212 40591
3213 42961
3214 70327
3215 32717
3216 73819
3217 67763
3218 50459
3219 49499
3220 33589
3221 53813
3222 38693
3223 44983
3224 44483
3225 96527
3226 56239
3227 31159
3228 39929
3229 55721
3230 43051
3231 39373
3232 36847
3233 32363
3234 33871
3235 35141
3236 39623
3237 51581
3238 35617
3239 30241
3240 49331
3241 79103
3242 42701
3243 50377
3244 40177
3245 49757
3246 35977
3247 35507
3248 65731
3249 31079
3250 52583
3251 62383
3252 32297
3253 32381
3254 33083
3255 37003
3256 47981
3257 54983
3258 58271
3259 33191
3260 31543
3261 56629
3262 82651
3263 33347
3264 31159
3265 52267
3266 131543
3267 46663
3268 64927
3269 44939
3270 52051
3271 38783
3272 33119
3273 30869
3274 44273
3275 56783
3276 32257
3277 57259
3278 103319
3279 60331
3280 38803
3281 41399
3282 107101
3283 82009
3284 46649
3285 33613
3286 30539
3287 42487
3288 32569
3289 53593
3290 57203
3291 31729
3292 31699
3293 86453
3294 58789
3295 34729
3296 33967
3297 46957
3298 31847
3299 79757
3300 32983
3301 37831
3302 31357
3303 48787
3304 124561
3305 62299
3306 40637
3307 32713
3308 55927
3309 42821
3310 37309
3311 35521
3312 31153
3313 85109
3314 45989
3315 34129
3316 72053
3317 37871
3318 40697
3319 63313
3320 86293
3321 45523
3322 69829
3323 46591
3324 38351
3325 36037
3326 39103
3327 39451
3328 32789
3329 69997
3330 37339
3331 64223
3332 30911
3333 62303
3334 49801
3335 114001
3336 111301
3337 44257
3338 31333
3339 33589
3340 35153
3341 49393
3342 44293
3343 109453
3344 66571
3345 49003
3346 42139
3347 47741
3348 44071
3349 31687
3350 81097
3351 41381
3352 48857
3353 39551
3354 34147
3355 37993
3356 51439
3357 72173
3358 52813
3359 31741
3360 50341
3361 46049
3362 38707
3363 31799
3364 87679
3365 65809
3366 54679
3367 57259
3368 86783
3369 43613
3370 57653
3371 62633
3372 42929
3373 42829
3374 44537
3375 31883
3376 43271
3377 68813
3378 50093
3379 86287
3380 134807
3381 36559
3382 44987
3383 31973
3384 31873
3385 50777
3386 60859
3387 54133
3388 59747
3389 92767
3390 42943
3391 36643
3392 39703
3393 35509
3394 48407
3395 56737
3396 33413
3397 35317
3398 39563
3399 41443
3400 50273
3401 125441
3402 49459
3403 44381
3404 51719
3405 36793
3406 59183
3407 42641
3408 44453
3409 39563
3410 35603
3411 39181
3412 40039
3413 49811
3414 44041
3415 40111
3416 47059
3417 72077
3418 32173
3419 70117
3420 54001
3421 65563
3422 54293
3423 34499
3424 32077
3425 57947
3426 59273
3427 43151
3428 35933
3429 36871
3430 41057
3431 35291
3432 39443
3433 55213
3434 128111
3435 47797
3436 33191
3437 41017
3438 64453
3439 37489
3440 60703
3441 33937
3442 35597
3443 48857
3444 33769
3445 38651
3446 83537
3447 54727
3448 35671
3449 35491
3450 33151
3451 32843
3452 32191
3453 36587
3454 37897
3455 37097
3456 49031
3457 40253
3458 39569
3459 33119
3460 59753
3461 33809
3462 53593
3463 33829
3464 40493
3465 35129
3466 41453
3467 33581
3468 93059
3469 32353
3470 33199
3471 34129
3472 106453
3473 50069
3474 41849
3475 38149
3476 90833
3477 51563
3478 36761
3479 47497
3480 34183
3481 33317
3482 33211
3483 34337
3484 34183
3485 64513
3486 49417
3487 37699
3488 32999
3489 57923
3490 43943
3491 34747
3492 34963
3493 64187
3494 34369
3495 56113
3496 95327
3497 67399
3498 50839
3499 63719
3500 49277
3501 33049
3502 67867
3503 33331
3504 103577
3505 34603
3506 32843
3507 54829
3508 58979
3509 32717
3510 33863
3511 110849
3512 61331
3513 48859
3514 77591
3515 75479
3516 36901
3517 39229
3518 58937
3519 41609
3520 97553
3521 43669
3522 83873
3523 35899
3524 65119
3525 42223
3526 46589
3527 39341
3528 90547
3529 112361
3530 40853
3531 54973
3532 33751
3533 58901
3534 45737
3535 34687
3536 33937
3537 72497
3538 41281
3539 39163
3540 60091
3541 62869
3542 38453
3543 37831
3544 66361
3545 34039
3546 68449
3547 39367
3548 40031
3549 49663
3550 39799
3551 67307
3552 42709
3553 44483
3554 35983
3555 36389
3556 45413
3557 84751
3558 69263
3559 49663
3560 39019
3561 36761
3562 41341
3563 41641
3564 71023
3565 34211
3566 80831
3567 60083
3568 49741
3569 44939
3570 51797
3571 33931
3572 89491
3573 43973
3574 37813
3575 78929
3576 51479
3577 58229
3578 38783
3579 35117
3580 35461
3581 44189
3582 53437
3583 50177
3584 42667
3585 44483
3586 43889
3587 62351
3588 37061
3589 67547
3590 73477
3591 37139
3592 38917
3593 53819
3594 52709
3595 36791
3596 93281
3597 50287
3598 36529
3599 43627
3600 42923
3601 87083
3602 87149
3603 88129
3604 42013
3605 103993
3606 35797
3607 107693
3608 45013
3609 60859
3610 41911
3611 54721
3612 45779
3613 40459
3614 158243
3615 41023
3616 37309
3617 85847
3618 81307
3619 37547
3620 77659
3621 43633
3622 40427
3623 67391
3624 36037
3625 48121
3626 54493
3627 73433
3628 61723
3629 63127
3630 43067
3631 34849
3632 56659
3633 57667
3634 80599
3635 65963
3636 70327
3637 42407
3638 59167
3639 47581
3640 68489
3641 80651
3642 49831
3643 64451
3644 36887
3645 38839
3646 50123
3647 37897
3648 46271
3649 39107
3650 38699
3651 38189
3652 67211
3653 56893
3654 49613
3655 73529
3656 63443
3657 39103
3658 85447
3659 62417
3660 56909
3661 38629
3662 159623
3663 51599
3664 43577
3665 113719
3666 40867
3667 60089
3668 40231
3669 72089
3670 85027
3671 67411
3672 78101
3673 56197
3674 115553
3675 34673
3676 81689
3677 57727
3678 58309
3679 34919
3680 50363
3681 44207
3682 47779
3683 132953
3684 67867
3685 57557
3686 51061
3687 50707
3688 50221
3689 64403
3690 35401
3691 96167
3692 38611
3693 88883
3694 88019
3695 59029
3696 39953
3697 56827
3698 51599
3699 59957
3700 101957
3701 52051
3702 41609
3703 37339
3704 34819
3705 75539
3706 41579
3707 35753
3708 61409
3709 36299
3710 46411
3711 39041
3712 42281
3713 133981
3714 55009
3715 52223
3716 72091
3717 54409
3718 40357
3719 52201
3720 66841
3721 102679
3722 40973
3723 75307
3724 99233
3725 65323
3726 185069
3727 78497
3728 65563
3729 46499
3730 54547
3731 79531
3732 48131
3733 38707
3734 75869
3735 35117
3736 36929
3737 52081
3738 48823
3739 44699
3740 49307
3741 45641
3742 47431
3743 59539
3744 48989
3745 71059
3746 36979
3747 35969
3748 49031
3749 35227
3750 42307
3751 35999
3752 74779
3753 42061
3754 66089
3755 43037
3756 43133
3757 35327
3758 46573
3759 35771
3760 36151
3761 41947
3762 40949
3763 65713
3764 64333
3765 35759
3766 50741
3767 35527
3768 62539
3769 66467
3770 48869
3771 39107
3772 37783
3773 54799
3774 44263
3775 42403
3776 47599
3777 70619
3778 51679
3779 41081
3780 39727
3781 39383
3782 54773
3783 74719
3784 85843
3785 46831
3786 68279
3787 35731
3788 99439
3789 42157
3790 54983
3791 36973
3792 46727
3793 62633
3794 38611
3795 60821
3796 58217
3797 48017
3798 45497
3799 97501
3800 68813
3801 45319
3802 42307
3803 83791
3804 61261
3805 96697
3806 39607
3807 38561
3808 49391
3809 53189
3810 57059
3811 48767
3812 39241
3813 42083
3814 39829
3815 51659
3816 56453
3817 104183
3818 39719
3819 63127
3820 65063
3821 37361
3822 36389
3823 43579
3824 52529
3825 39659
3826 54869
3827 115859
3828 60037
3829 37567
3830 61483
3831 42089
3832 38287
3833 61949
3834 37097
3835 41227
3836 129121
3837 78059
3838 114967
3839 51131
3840 37277
3841 51869
3842 57131
3843 54583
3844 37049
3845 48187
3846 41213
3847 62053
3848 67523
3849 39569
3850 39503
3851 75797
3852 39373
3853 52067
3854 60101
3855 36587
3856 85427
3857 42061
3858 37633
3859 47129
3860 37013
3861 57917
3862 53129
3863 42487
3864 60901
3865 39937
3866 54727
3867 41941
3868 50591
3869 55009
3870 42281
3871 53783
3872 55127
3873 71983
3874 39857
3875 57427
3876 58439
3877 40169
3878 45503
3879 48733
3880 85147
3881 55337
3882 48409
3883 47779
3884 100153
3885 38047
3886 73607
3887 51059
3888 73013
3889 60103
3890 45131
3891 69941
3892 52457
3893 53719
3894 55987
3895 43411
3896 62201
3897 39241
3898 38113
3899 42461
3900 47843
3901 46819
3902 36901
3903 71287
3904 47563
3905 40459
3906 57089
3907 75641
3908 46997
3909 45533
3910 57259
3911 69383
3912 65713
3913 71569
3914 50971
3915 62929
3916 96497
3917 45953
3918 59417
3919 62071
3920 92899
3921 44533
3922 37379
3923 54163
3924 55889
3925 40277
3926 89087
3927 51613
3928 52189
3929 60761
3930 82633
3931 40499
3932 66733
3933 43661
3934 76039
3935 60913
3936 53101
3937 54413
3938 77239
3939 39293
3940 77699
3941 44257
3942 44939
3943 43597
3944 49307
3945 49633
3946 55259
3947 65921
3948 42139
3949 38303
3950 47639
3951 68053
3952 71473
3953 41549
3954 66653
3955 43591
3956 65729
3957 40973
3958 43441
3959 47743
3960 53773
3961 65327
3962 55579
3963 53657
3964 115783
3965 39659
3966 54601
3967 95317
3968 84229
3969 72077
3970 66523
3971 41609
3972 43781
3973 42533
3974 54547
3975 50329
3976 38557
3977 50123
3978 47963
3979 46957
3980 48563
3981 62897
3982 37717
3983 59539
3984 39301
3985 48271
3986 40177
3987 42461
3988 55511
3989 134947
3990 67987
3991 61673
3992 48817
3993 80779
3994 53849
3995 64661
3996 100613
3997 64927
3998 42853
3999 42719
4000 73589
4001 65419
4002 41257
4003 70663
4004 39251
4005 38629
4006 45691
4007 105173
4008 72707
4009 43963
4010 83243
4011 90529
4012 56453
4013 38317
4014 46103
4015 41161
4016 38287
4017 53113
4018 94771
4019 60133
4020 80599
4021 50263
4022 50263
4023 45667
4024 39983
4025 63611
4026 64667
4027 48883
4028 150439
4029 69991
4030 56333
4031 119551
4032 88339
4033 66463
4034 148669
4035 48593
4036 62603
4037 43783
4038 60167
4039 44789
4040 48259
4041 65957
4042 42083
4043 99181
4044 65633
4045 56611
4046 39107
4047 49801
4048 54193
4049 84121
4050 51613
4051 170369
4052 40697
4053 70507
4054 41879
4055 114067
4056 67043
4057 48119
4058 84163
4059 51437
4060 54563
4061 43891
4062 38903
4063 66821
4064 77347
4065 50153
4066 124193
4067 103409
4068 96137
4069 105563
4070 47363
4071 44773
4072 53609
4073 85333
4074 47119
4075 90703
4076 81017
4077 46399
4078 44651
4079 51691
4080 65071
4081 40847
4082 53129
4083 101267
4084 55469
4085 51071
4086 60127
4087 44351
4088 113161
4089 55147
4090 44699
4091 212507
4092 66071
4093 55373
4094 75619
4095 60919
4096 52981
4097 48767
4098 45959
4099 122347
4100 59207
4101 72337
4102 43721
4103 97453
4104 51913
4105 42397
4106 63463
4107 128287
4108 67801
4109 60539
4110 72869
4111 48817
4112 43793
4113 95803
4114 43321
4115 75793
4116 49339
4117 43963
4118 42337
4119 39503
4120 106189
4121 99881
4122 52289
4123 41281
4124 64633
4125 84947
4126 66569
4127 44279
4128 91771
4129 57143
4130 61933
4131 66037
4132 82997
4133 51577
4134 39979
4135 47123
4136 44651
4137 95419
4138 101323
4139 43481
4140 45121
4141 53939
4142 53189
4143 45757
4144 75743
4145 40289
4146 62327
4147 70139
4148 126493
4149 63281
4150 65921
4151 114407
4152 49853
4153 58631
4154 43627
4155 50147
4156 73699
4157 62039
4158 64817
4159 46643
4160 43517
4161 49459
4162 47569
4163 44971
4164 77447
4165 51239
4166 55799
4167 79159
4168 59359
4169 92717
4170 95369
4171 58169
4172 53927
4173 53507
4174 64567
4175 62533
4176 48731
4177 77719
4178 60083
4179 81677
4180 50329
4181 59833
4182 70019
4183 42391
4184 42821
4185 50539
4186 42929
4187 68443
4188 43987
4189 48869
4190 87313
4191 107099
4192 41017
4193 40591
4194 65267
4195 79481
4196 53609
4197 56207
4198 45307
4199 45077
4200 114757
4201 44269
4202 67943
4203 55817
4204 51767
4205 49103
4206 68567
4207 47419
4208 88427
4209 47981
4210 47161
4211 49201
4212 65071
4213 62773
4214 42643
4215 45697
4216 47087
4217 55351
4218 97919
4219 48623
4220 41617
4221 46817
4222 71917
4223 46867
4224 47737
4225 47279
4226 49477
4227 70879
4228 55901
4229 102043
4230 40583
4231 48767
4232 61253
4233 80207
4234 40751
4235 61169
4236 54167
4237 76421
4238 65921
4239 48487
4240 48121
4241 40763
4242 62053
4243 115807
4244 41233
4245 122777
4246 54617
4247 54559
4248 42667
4249 58411
4250 85009
4251 57901
4252 48973
4253 50789
4254 44203
4255 41999
4256 92467
4257 43013
4258 62497
4259 95003
4260 84719
4261 70199
4262 90163
4263 72287
4264 50627
4265 67139
4266 56171
4267 61297
4268 68749
4269 59107
4270 57349
4271 63389
4272 44687
4273 48179
4274 51607
4275 44203
4276 44839
4277 54539
4278 92479
4279 41863
4280 46147
4281 41593
4282 57383
4283 62731
4284 164831
4285 81197
4286 53503
4287 64951
4288 41813
4289 81737
4290 51157
4291 43037
4292 45869
4293 55987
4294 57853
4295 68683
4296 43711
4297 41257
4298 44971
4299 71081
4300 41179
4301 83077
4302 52967
4303 53281
4304 54829
4305 49369
4306 46633
4307 94547
4308 58129
4309 41507
4310 46309
4311 88969
4312 44657
4313 45737
4314 45823
4315 47741
4316 54293
4317 42139
4318 41243
4319 64237
4320 69931
4321 48623
4322 60539
4323 49463
4324 77191
4325 52313
4326 66173
4327 66883
4328 41453
4329 43133
4330 53047
4331 66763
4332 46639
4333 51769
4334 46769
4335 98911
4336 56681
4337 49009
4338 63361
4339 71527
4340 60631
4341 78193
4342 54133
4343 53353
4344 45949
4345 51217
4346 63367
4347 72073
4348 54959
4349 60761
4350 80363
4351 46589
4352 55813
4353 131627
4354 71887
4355 57899
4356 43223
4357 42407
4358 211639
4359 51427
4360 86371
4361 85643
4362 110749
4363 78301
4364 77419
4365 59029
4366 66403
4367 79561
4368 50459
4369 60923
4370 45077
4371 88801
4372 53401
4373 56123
4374 73387
4375 44741
4376 50231
4377 155317
4378 51071
4379 62989
4380 48157
4381 188869
4382 48073
4383 48563
4384 62143
4385 67987
4386 67391
4387 54563
4388 95287
4389 75367
4390 51047
4391 42139
4392 47701
4393 57457
4394 80149
4395 58067
4396 69193
4397 47809
4398 43313
4399 73583
4400 93287
4401 42397
4402 53113
4403 65423
4404 52721
4405 90901
4406 58979
4407 88547
4408 48907
4409 44501
4410 60373
4411 43049
4412 64951
4413 44909
4414 48533
4415 45503
4416 65717
4417 67993
4418 67751
4419 78839
4420 44623
4421 57223
4422 95101
4423 54727
4424 46261
4425 53939
4426 55457
4427 46399
4428 43591
4429 94117
4430 52313
4431 64937
4432 46829
4433 50263
4434 52301
4435 55807
4436 90247
4437 48781
4438 46229
4439 46399
4440 66179
4441 85103
4442 47017
4443 46051
4444 42929
4445 120863
4446 92251
4447 45821
4448 55903
4449 73189
4450 59743
4451 104479
4452 56393
4453 72973
4454 64037
4455 50833
4456 48239
4457 59791
4458 45587
4459 87103
4460 64081
4461 119363
4462 93283
4463 63131
4464 63841
4465 77513
4466 69661
4467 65717
4468 57047
4469 58441
4470 46187
4471 58699
4472 77081
4473 45053
4474 59669
4475 56813
4476 45341
4477 62903
4478 101561
4479 70297
4480 50587
4481 66959
4482 48767
4483 51283
4484 70223
4485 43633
4486 66467
4487 55619
4488 46573
4489 87721
4490 74687
4491 45677
4492 58151
4493 99439
4494 67079
4495 45853
4496 53639
4497 49297
4498 66467
4499 90127
4500 44987
4501 57809
4502 44893
4503 108037
4504 67531
4505 47351
4506 96001
4507 55813
4508 62047
4509 62939
4510 177883
4511 43649
4512 48563
4513 48947
4514 80473
4515 52957
4516 59651
4517 44497
4518 47363
4519 68611
4520 47533
4521 142907
4522 110323
4523 52289
4524 86993
4525 50627
4526 50147
4527 46133
4528 59539
4529 90227
4530 85667
4531 87797
4532 174653
4533 56611
4534 43541
4535 167537
4536 117307
4537 50789
4538 62897
4539 43963
4540 57037
4541 56983
4542 76487
4543 49597
4544 113837
4545 56333
4546 69827
4547 84437
4548 53299
4549 74093
4550 52301
4551 55579
4552 77167
4553 80039
4554 46867
4555 59273
4556 68749
4557 97177
4558 119057
4559 51913
4560 81847
4561 49123
4562 77761
4563 76753
4564 54217
4565 79979
4566 63313
4567 59369
4568 73379
4569 46757
4570 52511
4571 71647
4572 71389
4573 66089
4574 50051
4575 55541
4576 56467
4577 61141
4578 48449
4579 91813
4580 73417
4581 44711
4582 50723
4583 45613
4584 90199
4585 134951
4586 83791
4587 46471
4588 70997
4589 88721
4590 56533
4591 99053
4592 81101
4593 46889
4594 123493
4595 57839
4596 65323
4597 61001
4598 62141
4599 48119
4600 64793
